3.26
1.70
4.43
3.44
1.82
1.85
2.04
3.99
3.18
3.92
3.44
2.98
3.20
4.18
3.72
2.30
3.64
4.60
4.30
3.80
3.28
5.94
3.63
2.29
2.72
4.96
4.69
2.01
3.22
4.12
2.41
3.12
2.86
1.30
2.63
1.62
3.73
4.93
2.39
2.32
2.85
4.11
2.76
5.09
3.67
2.56
2.71
2.43
4.05
3.30
3.62
1.88
3.27
2.66
2.99
4.49
3.39
3.83
4.71
4.26
5.47
4.43
5.34
4.10
2.77
3.01
3.85
4.36
3.60
4.94
3.61
1.43
3.76
4.76
5.35
4.03
3.12
3.65
2.02
2.46
4.46
3.87
2.68
4.95
2.36
3.00
2.80
2.63
2.45
1.96
4.06
3.60
4.17
1.79
1.95
3.00
2.25
3.22
4.36
3.92
3.14
4.90
3.80
3.58
1.70
2.97
3.49
4.42
3.18
2.72
4.34
3.88
2.47
2.94
4.31
4.47
3.50
3.68
3.70
3.51
5.45
4.01
4.26
3.46
2.72
4.10
2.91
3.08
3.67
3.18
4.04
2.78
4.61
3.88
4.91
4.21
3.61
3.27
3.05
3.22
1.81
2.87
4.02
5.01
2.74
3.34
4.54
3.79
5.94
3.19
2.28
5.35
2.24
2.98
2.95
4.38
3.32
4.61
2.24
3.15
2.74
4.62
4.27
4.74
1.87
2.94
6.10
1.50
4.01
3.15
7.54
4.23
2.70
4.39
4.31
4.72
4.08
4.56
3.57
5.26
3.28
4.23
3.92
3.56
4.21
3.21
3.20
4.54
2.28
3.20
4.20
4.09
2.87
4.36
1.40
4.77
3.01
3.94
4.12
2.97
3.77
1.67
4.89
5.33
3.23
3.07
2.18
3.66
3.90
4.60
3.98
2.92
4.48
4.93
2.37
2.71
3.33
2.55
5.06
5.44
3.32
3.34
4.66
4.76
4.04
2.47
5.07
3.84
2.57
2.74
2.74
2.99
3.66
3.09
3.79
4.36
3.67
1.91
3.48
2.81
3.60
3.76
2.38
5.05
5.02
4.41
4.01
2.80
1.06
1.70
2.49
3.40
5.52
3.32
5.43
3.46
3.62
3.83
1.87
2.80
0.00
4.90
3.04
4.09
3.86
3.09
5.74
3.50
4.80
3.95
2.42
4.31
2.74
3.36
2.60
2.50
3.10
3.80
4.57
3.26
4.95
4.15
3.01
4.41
2.31
4.08
4.50
1.90
3.41
2.99
3.31
5.30
2.69
3.85
3.23
2.67
4.77
3.28
2.68
2.87
3.79
4.04
2.10
2.10
3.85
1.17
4.37
3.22
3.62
2.66
2.75
2.46
3.09
3.13
4.18
2.46
2.46
4.03
4.45
3.23
3.52
4.63
3.65
4.17
2.45
2.39
2.06
5.36
3.32
3.26
3.74
1.46
2.41
3.86
2.89
3.23
5.32
3.62
4.32
3.67
2.37
1.99
1.63
3.99
3.62
4.18
4.12
3.36
4.47
2.99
3.87
3.84
2.72
4.71
4.07
4.23
4.40
1.08
3.06
1.73
2.59
2.49
3.80
3.45
2.53
